#' Tributary Monitoring Data from HUC12 Watersheds on the Eastern Shore of Lake Ontario
#'
#' Water quality data from a 2023 monitoring program conducted by
#' Jefferson and Oswego County Soil and Water Conservation District staff
#' in support of developing a New York State Nine Element Plan.
#'
#' @details
#' This dataset contains paired concentration and instantaneous flow measurements
#' from tributaries along the eastern shore of Lake Ontario.
#'
#' @format A data frame with 35 rows and 8 variables:
#' \describe{
#'   \item{date}{Date of sample (class \code{Date})}
#'   \item{site}{Character abbreviation of sampling location}
#'   \item{Tributary}{Full tributary name (character)}
#'   \item{TP_ugL}{Total phosphorus concentration (µg/L)}
#'   \item{TN_ugL}{Total nitrogen concentration (µg/L)}
#'   \item{TSS_mgL}{Total suspended solids concentration (mg/L)}
#'   \item{flow_cfs}{Instantaneous discharge (cubic feet per second)}
#'   \item{outlier}{Logical indicator of fabricated outliers (for demonstration only)}
#' }
#'
#' @usage data(cqdat)
#'
#' @keywords datasets
#'
#' @examples
#' data(cqdat)
#'
#' # subset a single site
#' p.dat <- subset(cqdat, site == "SdCr")
#'
#' # simple plot example
#' plot(p.dat$date, p.dat$TP_ugL,
#'      xlab = "Date", ylab = "TP (µg/L)",
#'      type = "b")
"smast_ex"

smast_ex <-
structure(list(SampleNumber = c("230612001-001", "230612001-001",
"230612001-001", "230612001-001", "230612001-001", "230612001-001",
"230612001-001", "230612001-002", "230612001-002", "230612001-002",
"230612001-002", "230612001-002", "230612001-002", "230612001-002",
"230612001-003", "230612001-003", "230612001-003", "230612001-003",
"230612001-003", "230612001-003", "230612001-003", "230612001-004",
"230612001-004", "230612001-004", "230612001-004", "230612001-004",
"230612001-004", "230612001-004", "230612001-005", "230612001-005",
"230612001-005", "230612001-005", "230612001-005", "230612001-005",
"230612001-005", "230612001-006", "230612001-006", "230612001-006",
"230612001-006", "230612001-006", "230612001-006", "230612001-006",
"230612001-007", "230612001-007", "230612001-007", "230612001-007",
"230612001-007", "230612001-007", "230612001-007", "230612001-008",
"230612001-008", "230612001-008", "230612001-008", "230612001-008",
"230612001-008", "230612001-008", "230612001-009", "230612001-009",
"230612001-009", "230612001-009", "230612001-009", "230612001-009",
"230612001-009", "230612001-010", "230612001-010", "230612001-010",
"230612001-010", "230612001-010", "230612001-010", "230612001-010",
"230621003-001", "230621003-001", "230621003-001", "230621003-001",
"230621003-001", "230621003-001", "230621003-001", "230621003-002",
"230621003-002", "230621003-002", "230621003-002", "230621003-002",
"230621003-002", "230621003-002", "230621003-003", "230621003-003",
"230621003-003", "230621003-003", "230621003-003", "230621003-003",
"230621003-003", "230621003-004", "230621003-004", "230621003-004",
"230621003-004", "230621003-004", "230621003-004", "230621003-004",
"230621003-005", "230621003-005", "230621003-005", "230621003-005",
"230621003-005", "230621003-005", "230621003-005", "230621003-006",
"230621003-006", "230621003-006", "230621003-006", "230621003-006",
"230621003-006", "230621003-006", "230621003-007", "230621003-007",
"230621003-007", "230621003-007", "230621003-007", "230621003-007",
"230621003-007", "230621003-008", "230621003-008", "230621003-008",
"230621003-008", "230621003-008", "230621003-008", "230621003-008",
"230621003-009", "230621003-009", "230621003-009", "230621003-009",
"230621003-009", "230621003-009", "230621003-009", "230621003-010",
"230621003-010", "230621003-010", "230621003-010", "230621003-010",
"230621003-010", "230621003-010", "230710002-001", "230710002-001",
"230710002-001", "230710002-002", "230710002-002", "230710002-002",
"230710002-002", "230710002-001", "230710002-001", "230710002-003",
"230710002-003", "230710002-001", "230710002-003", "230710002-003",
"230710002-002", "230710002-003", "230710002-004", "230710002-004",
"230710002-004", "230710002-004", "230710002-004", "230710002-004",
"230710002-004", "230710002-005", "230710002-005", "230710002-005",
"230710002-005", "230710002-005", "230710002-005", "230710002-005",
"230710002-006", "230710002-006", "230710002-006", "230710002-006",
"230710002-006", "230710002-006", "230710002-006", "230710002-007",
"230710002-007", "230710002-007", "230710002-007", "230710002-007",
"230710002-007", "230710002-007", "230710002-008", "230710002-008",
"230710002-008", "230710002-002", "230710002-001", "230710002-002",
"230710002-003", "230710002-003", "230710002-008", "230710002-008",
"230710002-008", "230710002-008", "230710002-009", "230710002-009",
"230710002-009", "230710002-009", "230710002-009", "230710002-009",
"230710002-009", "230710002-010", "230710002-010", "230710002-010",
"230710002-010", "230710002-010", "230710002-010", "230710002-010",
"230802004-001", "230802004-001", "230802004-001", "230802004-001",
"230802004-001", "230802004-001", "230802004-001", "230802004-002",
"230802004-002", "230802004-002", "230802004-002", "230802004-002",
"230802004-002", "230802004-002", "230802004-003", "230802004-003",
"230802004-003", "230802004-003", "230802004-003", "230802004-003",
"230802004-003", "230802004-004", "230802004-004", "230802004-004",
"230802004-004", "230802004-004", "230802004-004", "230802004-004",
"230802004-005", "230802004-005", "230802004-005", "230802004-005",
"230802004-005", "230802004-005", "230802004-005", "230802004-006",
"230802004-006", "230802004-006", "230802004-006", "230802004-006",
"230802004-006", "230802004-006", "230802004-007", "230802004-007",
"230802004-007", "230802004-007", "230802004-007", "230802004-007",
"230802004-007", "230802004-008", "230802004-008", "230802004-008",
"230802004-008", "230802004-008", "230802004-008", "230802004-008",
"230802004-009", "230802004-009", "230802004-009", "230802004-009",
"230802004-009", "230802004-009", "230802004-009", "230802004-010",
"230802004-010", "230802004-010", "230802004-010", "230802004-010",
"230802004-010", "230802004-010"),